Observation,Class,Predicted_p
0,0,0.308
1,1,0.454
2,1,0.764
3,1,0.432
4,1,0.493
5,1,0.784
6,1,0.596
7,1,0.954
8,1,0.876
9,0,0.192
10,1,0.686
11,1,0.837
12,1,0.971
13,1,0.818
14,0,0.535
15,1,0.913
16,0,0.484
17,0,0.004
18,0,0.127
19,0,0.075
20,0,0.426
21,0,0.133
22,0,0.32
23,1,0.698
24,1,0.834
25,1,0.43
26,0,0.56
27,1,0.971
28,1,0.509
29,1,0.896
30,1,0.84
31,1,0.748
32,0,0.348
33,1,0.671
34,1,0.464
35,0,0.201
36,0,0.162
37,1,0.792
38,1,0.865
39,0,0.373
40,1,0.604
41,0,0.089
42,1,0.573
43,0,0.427
44,0,0.391
45,1,0.592
46,0,0.394
47,0,0.371
48,0,0.511
49,1,0.732
50,1,0.628
51,0,0.378
52,0,0.578
53,0,0.445
54,0,0.511
55,0,0.253
56,0,0.136
57,0,0.133
58,0,0.219
59,0,0.574
60,1,0.947
61,1,0.897
62,0,0.536
63,0,0.367
64,1,0.906
65,1,0.972
66,1,0.6
67,1,0.776
68,0,0.453
69,0,0.141
70,1,0.557
71,1,0.808
72,0,0.287
73,1,0.802
74,1,0.567
75,0,0.012
76,1,0.816
77,0,0.536
78,0,0.088
79,1,0.54
80,1,0.526
81,1,0.672
82,0,0.346
83,0,0.076
84,0,0.408
85,1,0.418
86,1,0.782
87,1,0.798
88,0,0.525
89,1,0.782
90,0,0.424
91,0,0.355
92,0,0.152
93,1,0.412
94,0,0.168
95,0,0.159
96,0,0.575
97,0,0.375
98,0,0.567
99,0,0.385
100,0,0.159
101,1,0.722
102,1,0.613
103,1,0.715
104,0,0.541
105,1,0.729
106,1,0.798
107,1,0.573
108,1,0.695
109,0,0.382
110,1,0.604
111,0,0.21
112,1,0.95
113,0,0.427
114,0,0.539
115,0,0.099
116,1,0.919
117,0,0.345
118,0,0.524
119,1,0.887
120,0,0.462
121,1,0.732
122,1,0.908
123,0,0.223
124,0,0.053
125,0,0.541
126,1,0.515
127,0,0.215
128,0,0.582
129,1,0.748
130,0,0.316
131,0,0.593
132,1,0.515
133,0,0.432
134,1,0.851
135,0,0.517
136,1,0.508
137,1,0.706
138,0,0.191
139,0,0.018
140,1,0.779
141,0,0.156
142,0,0.012
143,1,0.597
144,0,0.302
145,0,0.141
146,1,0.516
147,0,0.021
148,0,0.419
149,1,0.965
150,0,0.507
151,1,0.502
152,0,0.583
153,0,0.378
154,0,0.004
155,1,0.641
156,1,0.858
157,0,0.484
158,0,0.202
159,1,0.915
160,1,0.983
161,1,0.966
162,1,0.702
163,1,0.751
164,0,0.442
165,1,0.841
166,1,0.485
167,0,0.302
168,1,0.772
169,1,0.688
170,1,0.743
171,1,0.446
172,1,0.859
173,1,0.832
174,1,0.745
175,1,0.641
176,1,0.886
177,0,0.556
178,0,0.31
179,1,0.832
180,0,0.117
181,1,0.859
182,0,0.497
183,0,0.046
184,1,0.86
185,0,0.132
186,1,0.541
187,1,0.65
188,0,0.538
189,1,0.582
190,1,0.947
191,0,0.026
192,1,0.59
193,1,0.934
194,0,0.229
195,1,0.804
196,0,0.371
197,1,0.75
198,1,0.928
199,1,0.702
200,0,0.304
201,1,0.538
202,0,0.446
203,0,0.586
204,0,0.17
205,1,0.759
206,1,0.897
207,1,0.875
208,1,0.718
209,1,0.424
210,1,0.457
211,0,0.156
212,0,0.425
213,0,0.156
214,0,0.414
215,0,0.593
216,1,0.721
217,1,0.528
218,1,0.459
219,1,0.473
220,1,0.606
221,0,0.478
222,0,0.364
223,0,0.032
224,0,0.127
225,0,0.105
226,1,0.558
227,0,0.449
228,1,0.907
229,1,0.541
230,0,0.081
231,1,0.65
232,0,0.094
233,0,0.26
234,1,0.635
235,0,0.414
236,0,0.091
237,1,0.82
238,0,0.415
239,0,0.354
240,1,0.468
241,0,0.225
242,0,0.157
243,0,0.483
244,1,0.406
245,0,0.531
246,0,0.351
247,0,0.319
248,1,0.577
249,1,0.576
250,1,0.874
251,0,0.473
252,1,0.79
253,0,0.466
254,1,0.953
255,1,0.986
256,0,0.409
257,0,0.273
258,1,0.914
259,0,0.194
260,1,0.484
261,1,0.512
262,0,0.052
263,0,0.08
264,0,0.117
265,1,0.967
266,1,0.677
267,1,0.633
268,1,0.8
269,1,0.676
270,1,0.651
271,1,0.577
272,1,0.881
273,1,0.926
274,0,0.51
275,1,0.993
276,0,0.114
277,1,0.618
278,0,0.318
279,1,0.603
280,0,0.599
281,0,0.452
282,0,0.355
283,0,0.032
284,0,0.252
285,1,0.403
286,1,0.608
287,1,0.89
288,0,0.22
289,0,0.504
290,0,0.316
291,0,0.591
292,0,0.406
293,1,0.998
294,1,0.668
295,0,0.263
296,1,0.629
297,0,0.21
298,1,0.961
299,1,0.511
300,0,0.037
301,1,0.936
302,0,0.327
303,0,0.018
304,1,0.938
305,1,0.872
306,0,0.278
307,1,0.759
308,0,0.279
309,1,0.762
310,0,0.183
311,1,0.875
312,1,0.921
313,0,0.28
314,1,0.709
315,0,0.199
316,1,0.457
317,0,0.164
318,1,0.567
319,0,0.565
320,1,0.498
321,0,0.436
322,1,0.765
323,0,0.533
324,1,0.878
325,0,0.431
326,1,0.8
327,1,0.584
328,0,0.499
329,1,0.974
330,0,0.246
331,1,0.746
332,1,0.802
333,1,0.656
334,1,0.554
335,1,0.957
336,0,0.043
337,0,0.126
338,1,0.909
339,1,0.674
340,0,0.385
341,0,0.312
342,0,0.377
343,1,0.417
344,0,0.563
345,1,0.629
346,1,0.854
347,1,0.568
348,0,0.481
349,0,0.088
350,1,0.715
351,1,0.41
352,1,0.929
353,0,0.069
354,0,0.156
355,1,0.582
356,0,0.191
357,1,0.893
358,0,0.081
359,0,0.122
360,0,0.358
361,1,0.505
362,1,0.813
363,1,0.969
364,1,0.847
365,0,0.427
366,1,0.621
367,0,0.571
368,0,0.026
369,1,0.646
370,1,0.727
371,1,0.934
372,1,0.481
373,0,0.336
374,1,0.916
375,0,0.498
376,1,0.516
377,1,0.538
378,0,0.166
379,0,0.289
380,0,0.348
381,0,0.059
382,0,0.322
383,0,0.409
384,0,0.32
385,0,0.523
386,0,0.596
387,1,0.83
388,0,0.1
389,0,0.417
390,1,0.49
391,0,0.415
392,1,0.403
393,0,0.472
394,1,0.417
395,1,0.465
396,0,0.369
397,0,0.135
398,1,0.884
399,1,0.495
400,1,0.708
401,1,0.445
402,1,0.926
403,1,0.952
404,1,0.872
405,1,0.6
406,0,0.049
407,1,0.723
408,0,0.45
409,0,0.264
410,1,0.763
411,1,0.853
412,1,0.624
413,1,0.822
414,0,0.286
415,1,0.632
416,1,0.88
417,0,0.531
418,1,0.848
419,1,0.494
420,0,0.118
421,0,0.376
422,0,0.061
423,0,0.241
424,1,0.883
425,1,0.477
426,0,0.092
427,1,0.447
428,1,0.692
429,1,0.696
430,0,0.109
431,0,0.08
432,1,0.641
433,1,0.96
434,1,0.815
435,0,0.377
436,0,0.363
437,1,0.558
438,1,0.941
439,0,0.054
440,1,0.496
441,1,0.914
442,1,0.603
443,0,0.128
444,0,0.421
445,0,0.378
446,0,0.445
447,1,0.93
448,0,0.464
449,1,0.527
450,1,0.911
451,1,0.715
452,0,0.065
453,1,0.608
454,1,0.756
455,1,0.926
456,0,0.068
457,0,0.452
458,0,0.455
459,1,0.547
460,1,0.919
461,0,0.337
462,1,0.732
463,1,0.892
464,0,0.331
465,1,0.813
466,0,0.3
467,0,0.392
468,0,0.313
469,1,0.667
470,1,0.556
471,1,0.411
472,1,0.778
473,0,0.282
474,1,0.717
475,1,0.726
476,1,0.423
477,1,0.643
478,0,0.389
479,0,0.289
480,0,0.555
481,1,0.996
482,0,0.476
483,1,0.613
484,1,0.717
485,1,0.808
486,1,0.566
487,0,0.132
488,1,0.63
489,1,0.794
490,0,0.32
491,1,0.902
492,1,0.607
493,1,0.76
494,1,0.553
495,1,0.887
496,0,0.529
497,0,0.396
498,0,0.485
499,1,0.685
500,0,0.198
501,1,0.482
502,1,0.76
503,1,0.504
504,0,0.575
505,1,0.729
506,0,0.182
507,1,0.42
508,1,0.465
509,0,0.027
510,1,0.796
511,1,0.486
512,1,0.986
513,1,0.7
514,1,0.781
515,1,0.508
516,0,0.12
517,0,0.204
518,1,0.44
519,1,0.719
520,1,0.959
521,1,0.709
522,1,0.645
523,1,0.752
524,0,0.592
525,0,0.184
526,1,0.746
527,0,0.023
528,0,0.536
529,1,0.458
530,1,0.63
531,0,0.517
532,0,0.047
533,0,0.303
534,0,0.267
535,1,0.542
536,0,0.527
537,0,0.066
538,0,0.455
539,0,0.299
540,1,0.815
541,1,0.601
542,1,0.583
543,1,0.502
544,1,0.712
545,1,0.548
546,1,0.873
547,1,0.904
548,0,0.51
549,0,0.091
550,0,0.265
551,1,0.779
552,0,0.516
553,0,0.315
554,0,0.556
555,0,0.311
556,0,0.35
557,1,0.406
558,1,0.646
559,0,0.415
560,1,0.896
561,0,0.368
562,1,0.849
563,1,0.968
564,0,0.278
565,1,0.856
566,0,0.059
567,1,0.833
568,1,0.632
569,1,0.659
570,0,0.267
571,0,0.057
572,0,0.481
573,0,0.577
574,1,0.964
575,0,0.345
576,1,0.453
577,1,0.506
578,0,0.214
579,1,0.638
580,1,0.673
581,1,0.415
582,1,0.483
583,0,0.25
584,1,0.453
585,0,0.497
586,1,0.453
587,1,0.617
588,0,0.304
589,0,0.082
590,1,0.99
591,1,0.746
592,0,0.599
593,1,0.605
594,1,0.948
595,0,0.031
596,0,0.012
597,0,0.441
598,0,0.198
599,0,0.36
600,1,0.813
601,1,0.768
602,0,0.142
603,0,0.184
604,0,0.576
605,1,0.601
606,1,0.717
607,1,0.712
608,0,0.302
609,1,0.955
610,1,0.688
611,0,0.455
612,1,0.872
613,1,0.404
614,0,0.25
615,1,0.852
616,0,0.354
617,1,0.622
618,0,0.223
619,1,0.954
620,0,0.418
621,1,0.833
622,0,0.316
623,0,0.578
624,1,0.928
625,0,0.128
626,0,0.345
627,1,0.522
628,0,0.197
629,0,0.436
630,0,0.287
631,1,0.667
632,0,0.417
633,1,0.497
634,0,0.242
635,0,0.155
636,0,0.059
637,1,0.561
638,0,0.453
639,0,0.518
640,1,0.996
641,0,0.16
642,0,0.191
643,0,0.514
644,0,0.225
645,0,0.132
646,0,0.363
647,0,0.287
648,1,0.745
649,0,0.502
650,0,0.142
651,1,0.414
652,0,0.396
653,1,0.826
654,1,0.896
655,0,0.325
656,0,0.268
657,0,0.532
658,0,0.072
659,1,0.401
660,1,0.566
661,1,0.994
662,1,0.86
663,0,0.549
664,1,0.896
665,0,0.415
666,0,0.424
667,0,0.23
668,0,0.188
669,0,0.348
670,1,0.587
671,1,0.535
672,1,0.94
673,0,0.258
674,0,0.422
675,1,0.441
676,0,0.115
677,0,0.001
678,0,0.318
679,1,0.803
680,1,0.876
681,0,0.058
682,1,0.904
683,1,0.679
684,0,0.595
685,1,0.451
686,0,0.026
687,0,0.151
688,0,0.246
689,0,0.046
690,0,0.108
691,1,0.414
692,1,0.857
693,0,0.408
694,0,0.135
695,0,0.53
696,0,0.218
697,0,0.258
698,0,0.506
699,0,0.016
700,0,0.096
701,1,0.695
702,1,0.488
703,0,0.017
704,0,0.242
705,1,0.42
706,0,0.173
707,1,0.918
708,1,0.869
709,1,0.485
710,0,0.177
711,0,0.556
712,1,0.433
713,0,0.307
714,0,0.024
715,1,0.987
716,1,0.724
717,1,0.719
718,0,0.406
719,0,0.365
720,1,0.692
721,0,0.57
722,0,0.44
723,1,0.687
724,0,0.512
725,1,0.852
726,1,0.957
727,1,0.418
728,1,0.411
729,1,0.824
730,1,0.992
731,1,0.463
732,0,0.098
733,1,0.648
734,1,0.502
735,0,0.157
736,1,0.915
737,1,0.959
738,0,0.41
739,1,0.533
740,1,0.835
741,1,0.995
742,1,0.695
743,0,0.416
744,1,0.905
745,1,0.763
746,1,0.689
747,1,0.651
748,1,0.661
749,0,0.308
750,1,0.6
751,0,0.403
752,1,0.786
753,1,0.431
754,1,0.895
755,1,0.741
756,1,0.701
757,0,0.14
758,0,0.147
759,1,0.562
760,1,0.586
761,0,0.217
762,0,0.223
763,0,0.432
764,1,0.459
765,0,0.238
766,1,0.79
767,1,0.557
768,0,0.256
769,1,0.923
770,0,0.222
771,1,0.714
772,0,0.455
773,1,0.796
774,0,0.315
775,0,0.168
776,1,0.623
777,0,0.435
778,0,0.584
779,0,0.08
780,0,0.268
781,1,0.568
782,1,0.817
783,0,0.178
784,1,0.4
785,0,0.204
786,1,0.853
787,0,0.512
788,1,0.863
789,1,0.42
790,0,0.202
791,0,0.396
792,0,0.315
793,1,0.549
794,0,0.531
795,1,0.847
796,1,0.643
797,1,0.55
798,0,0.211
799,1,0.902
800,1,0.421
801,0,0.254
802,0,0.372
803,0,0.364
804,0,0.241
805,0,0.29
806,0,0.335
807,1,0.432
808,0,0.099
809,1,0.643
810,0,0.137
811,0,0.122
812,0,0.29
813,1,0.47
814,1,0.599
815,0,0.125
816,1,0.624
817,0,0.399
818,1,0.71
819,1,0.885
820,1,0.66
821,0,0.416
822,1,0.481
823,0,0.491
824,1,0.775
825,1,0.704
826,1,0.535
827,0,0.405
828,1,0.494
829,0,0.216
830,0,0.142
831,1,0.481
832,0,0.184
833,0,0.472
834,1,0.617
835,0,0.472
836,0,0.484
837,1,0.738
838,1,0.823
839,0,0.187
840,0,0.219
841,1,0.844
842,0,0.307
843,0,0.371
844,1,0.809
845,0,0.337
846,1,0.887
847,0,0.156
848,1,0.558
849,0,0.266
850,0,0.309
851,1,0.459
852,1,0.581
853,1,0.433
854,1,0.752
855,1,0.687
856,0,0.134
857,1,0.855
858,1,0.461
859,0,0.186
860,0,0.114
861,1,0.616
862,1,0.825
863,0,0.127
864,1,0.781
865,1,0.732
866,0,0.285
867,1,0.794
868,0,0.185
869,1,0.616
870,0,0.059
871,0,0.384
872,0,0.28
873,1,0.804
874,1,0.881
875,1,0.572
876,0,0.002
877,1,0.596
878,0,0.441
879,0,0.357
880,0,0.544
881,1,0.787
882,1,0.789
883,1,0.784
884,1,0.637
885,1,0.484
886,1,0.52
887,1,0.713
888,0,0.58
889,1,0.953
890,0,0.342
891,1,0.835
892,0,0.342
893,1,0.712
894,0,0.473
895,0,0.274
896,0,0.102
897,1,0.932
898,0,0.062
899,1,0.752
900,1,0.526
901,0,0.592
902,1,0.815
903,1,0.696
904,1,0.651
905,1,0.539
906,1,0.445
907,0,0.381
908,1,0.809
909,1,0.788
910,1,0.789
911,1,0.765
912,1,0.836
913,1,0.981
914,1,0.692
915,1,0.911
916,1,0.451
917,1,0.795
918,0,0.426
919,0,0.305
920,0,0.014
921,0,0.072
922,1,0.829
923,1,0.5
924,1,0.45
925,0,0.208
926,1,0.404
927,0,0.176
928,0,0.047
929,1,0.955
930,0,0.259
931,1,0.476
932,1,0.574
933,1,0.912
934,1,0.631
935,0,0.396
936,0,0.508
937,0,0.328
938,1,0.822
939,0,0.4
940,0,0.126
941,0,0.375
942,1,0.578
943,0,0.216
944,1,0.421
945,0,0.256
946,1,0.59
947,0,0.55
948,0,0.387
949,0,0.469
950,0,0.313
951,1,0.814
952,1,0.426
953,1,0.587
954,1,0.973
955,0,0.497
956,0,0.065
957,0,0.162
958,1,0.724
959,1,0.725
960,0,0.517
961,0,0.028
962,0,0.146
963,1,0.502
964,1,0.807
965,1,0.782
966,1,0.601
967,0,0.588
968,1,0.623
969,0,0.198
970,1,0.664
971,0,0.38
972,0,0.095
973,1,0.937
974,1,0.984
975,1,0.759
976,0,0.215
977,1,0.5
978,0,0.298
979,1,0.46
980,0,0.335
981,0,0.562
982,1,0.655
983,0,0.176
984,1,0.437
985,1,0.89
986,0,0.339
987,1,0.483
988,1,0.964
989,1,0.774
990,1,0.774
991,0,0.336
992,0,0.143
993,1,0.925
994,1,0.465
995,0,0.086
996,0,0.557
997,1,0.945
998,1,0.633
999,0,0.489
